Xu: 0.10531
Xuu: 0.018405
Yv: 8.7185e-09
Yvv: 0.39199
Yn: 1.1508e-08
Nr: 9.1124e-08
Nrr: 5.2726
Nv: 6.1558e-09
b1: 0.00058466
b2: 0.0040635
b3: 0.31094